232
165
190
157
232
172
194
209
164
201
205
179
170
189
231
235
229
230
160
186
164
217
206
180
168
232
209
189
241
151
179
169
242
220
226
222
213
162
243
210
194
202
155
219
216
160
189
231
249
205
232
217
247
222
157
215
250
241
150
193
158
241
197
232
223
184
224
235
152
238
237
196
200
231
239
233
196
236
250
209
161
172
166
195
172
216
162
178
200
154
170
218
235
206
163
198
229
242
167
197
207
153
215
201
166
211
206
219
154
198
190
225
162
246
223
244
170
243
202
224
155
223
198
245
236
173
204
203
246
154
211
196
219
220
163
203
222
159
220
208
160
197
196
243
191
212
161
187
237
172
222
183
236
236
186
176
201
204
198
227
163
241
195
204
203
195
163
236
168
162
163
192
245
227
226
196
155
217
169
193
173
179
205
187
205
203
242
151
221
212
156
245
229
188
166
233
155
175
234
158
152
227
247
156
233
169
218
250
208
204
171
163
158
187
196
168
202
158
244
189
190
178
169
174
215
187
151
161
168
240
197
208
235
197
163
181
219
175
249
201
169
223
154
150
221
231
200
230
202
183
165
195
163
222
202
250
236
220
219
193
203
151
236
242
209
236
201
189
161
164
167
171
194
241
249
156
205
176
231
177
165
183
172
219
229
207
235
177
193
177
228
167
209
196
152
160
176
187
250
173
228
171
232
235
185
213
169
239
214
246
194
171
198
165
231
241
244
168
160
183
231
159
161
229
228
160
203
219
163
239
229
172
185
194
150
203
228
187
194
176
155
248
233
227
212
244
234
214
167
227
203
167
225
248
204
241
250
213
160
212
237
157
183
228
160
213
174
183
237
214
168
160
215
232
150
170
182
177
203
163
208
157
179
208
184
180
211
227
175
226
245
249
196
175
250
180
206
218
160
199
204
154
198
213
247
194
196
228
192
242
228
246
220
215
194
226
194
170
189
247
172
175
214
197
234
215
229
167
208
196
198
249
211
194
152
212
227
199
166
192
169
153
217
190
191
164
162
246
198
236
154
160
205
222
192
236
218
162
247
157
151
153
234
223
185
239
225
218
167
197
160
236
208
192
172
239
187
195
159
200
224
199
176
193
162
161
248
222
240
155
213
211
224
225
171
152
194
174
150
229
222
157
198
154
186
211
178
208
228
157
191
240
223
178
157
238
193
247
241
246
206
202
187
198
236
180
153
201
213
151
224
154
183
205
154
232
195
221
205
166
205
154
249
167
197
174
184
231
169
182
193
199
232
233
173
245
235
152
237
162
151
212
207
196
225
206
165
243
245
233
231
167
166
163
189
186
173
206
244
191
159
208
153
210
226
249
241
221
216
189
152
242
165
151
175
174
166
232
175
181
189
233
248
156
220
165
172
157
226
175
169
177
232
215
155
221
203
244
168
249
156
247
203
190
151
214
154
209
216
170
236
220
198
187
223
214
188
206
221
163
180
196
166
248
203
183
234
226
153
233
169
158
158
236
237
191
195
170
249
156
192
211
215
205
154
214
178
212
230
179
209
168
177
189
196
200
210
211
243
186
217
250
212
157
157
242
177
216
206
245
190
160
183
188
198
152
202
190
250
246
231
222
164
207
159
188
172
228
172
219
176
161
165
191
212
165
160
204
182
184
150
235
199
225
153
160
210
166
175
239
242
157
221
191
187
185
237
195
211
193
169
223
197
164
201
164
155
220
170
228
150
194
246
213
201
155
239
206
223
214
201
150
156
233
213
218
232
187
229
220
180
235
217
151
161
153
223
162
221
232
237
221
225
162
223
158
204
218
178
154
162
226
196
153
173
163
153
219
215
164
205
244
247
165
175
236
236
226
154
178
151
244
233
178
207
208
189
228
218
174
183
222
212
192
177
152
241
232
174
193
226
185
199
217
202
181
174
209
204
163
235
154
206
157
237
205
162
234
153
224
205
171
178
191
243
172
233
230
173
218
165
174
212
218
244
213
152
207
246
231
172
226
218
233
213
229
173
242
202
184
158
198
228
193
167
159
187
153
193
200
160
204
200
248
178
185
240
209
219
245
208
176
188
213
242
187
182
151
224
220
179
240
168
240
191
176
245
182
227
222
215
197
200
244
210
193
234
230
161
220
238
159
168
186
179
193
245
197
179
247
181
235
193
242
205
151
162
234
204
225
168
234
195
164
213
198
175
157
164
194
188
178
187
236
170
166
161
236
200
234
158
243
162
244
240
155
249
176
163
170
155
166
240
179
161
178
227
190
196
158
241
179
187
173
248
247
189
236
240
194
